{
  "advancedEditorSelectedIdentifier" : "ProjectBrowser",
  "openSceneRelativePaths" : [
    "FrameScene.usda",
    "Untitled Scene.usda"
  ],
  "recentIdentifiers" : {
    "4C7E6DAF-9804-4167-ABDF-EDC1A021A6B2" : [

    ]
  },
  "sceneCameraHistory" : {
    "4C7E6DAF-9804-4167-ABDF-EDC1A021A6B2" : [
      {
        "date" : 754743469.353921,
        "title" : "Untitled",
        "transform" : [
          -0.9960851,
          -4.7498077e-09,
          -0.08839908,
          0,
          -0.014043444,
          0.98730046,
          0.15824212,
          0,
          0.08727647,
          0.15886411,
          -0.9834354,
          0,
          -0.33566865,
          0.6280103,
          -2.842057,
          1
        ]
      },
      {
        "date" : 754743438.344573,
        "title" : "Untitled",
        "transform" : [
          -0.9960851,
          -4.7498077e-09,
          -0.08839908,
          0,
          -0.014043444,
          0.98730046,
          0.15824212,
          0,
          0.08727647,
          0.15886411,
          -0.9834354,
          0,
          -0.2006453,
          0.37539193,
          -1.6988341,
          1
        ]
      },
      {
        "date" : 754743398.032864,
        "title" : "Untitled",
        "transform" : [
          -0.9960851,
          -4.7498077e-09,
          -0.08839908,
          0,
          -0.014043444,
          0.98730046,
          0.15824212,
          0,
          0.08727647,
          0.15886411,
          -0.9834354,
          0,
          -0.12067446,
          0.2257726,
          -1.0217322,
          1
        ]
      },
      {
        "date" : 754743326.606199,
        "title" : "Untitled",
        "transform" : [
          -0.9960851,
          -4.7498077e-09,
          -0.08839908,
          0,
          -0.014043444,
          0.98730046,
          0.15824212,
          0,
          0.08727647,
          0.15886411,
          -0.9834354,
          0,
          -0.076271914,
          0.14269887,
          -0.64578253,
          1
        ]
      },
      {
        "date" : 754743323.155153,
        "title" : "Untitled",
        "transform" : [
          -0.9960851,
          -4.7498077e-09,
          -0.08839908,
          0,
          -0.014043444,
          0.98730046,
          0.15824212,
          0,
          0.08727647,
          0.15886411,
          -0.9834354,
          0,
          -0.080376856,
          0.15037891,
          -0.68053836,
          1
        ]
      },
      {
        "date" : 754743320.076563,
        "title" : "Untitled",
        "transform" : [
          -0.9960851,
          -4.7498077e-09,
          -0.08839908,
          0,
          -0.014043444,
          0.98730046,
          0.15824212,
          0,
          0.08727647,
          0.15886411,
          -0.9834354,
          0,
          -0.12589562,
          0.23554102,
          -1.0659386,
          1
        ]
      },
      {
        "date" : 754743295.699183,
        "title" : "Untitled",
        "transform" : [
          -0.9960851,
          -4.7498077e-09,
          -0.08839908,
          0,
          -0.014043444,
          0.98730046,
          0.15824212,
          0,
          0.08727647,
          0.15886411,
          -0.9834354,
          0,
          -0.041821983,
          0.07824571,
          -0.35410017,
          1
        ]
      },
      {
        "date" : 754742916.920899,
        "title" : "Untitled",
        "transform" : [
          -0.9960851,
          -4.7498077e-09,
          -0.08839908,
          0,
          -0.014043444,
          0.98730046,
          0.15824212,
          0,
          0.08727647,
          0.15886411,
          -0.9834354,
          0,
          -0.17250843,
          0.32275,
          -1.4606019,
          1
        ]
      },
      {
        "date" : 754742913.268286,
        "title" : "Untitled",
        "transform" : [
          -0.99537,
          -4.840229e-09,
          -0.09611809,
          0,
          -0.024356164,
          0.96736205,
          0.25222498,
          0,
          0.092981,
          0.25339827,
          -0.962883,
          0,
          -0.16482012,
          0.46017003,
          -1.4242059,
          1
        ]
      },
      {
        "date" : 754742904.321375,
        "title" : "Untitled",
        "transform" : [
          -0.9963969,
          -4.8364774e-09,
          -0.084813416,
          0,
          -0.021695942,
          0.9667276,
          0.25488606,
          0,
          0.08199148,
          0.2558078,
          -0.9632444,
          0,
          -0.18107334,
          0.4636613,
          -1.4210964,
          1
        ]
      }
    ],
    "9B712129-248F-42C1-B7D8-34D66CADD903" : [
      {
        "date" : 754743262.897779,
        "title" : "Untitled",
        "transform" : [
          0.9999163,
          -1.3152038e-10,
          0.012934583,
          0,
          0.00649034,
          0.8649942,
          -0.50173986,
          0,
          -0.01118834,
          0.5017819,
          0.86492187,
          0,
          -0.028936405,
          1.2977585,
          2.2369473,
          1
        ]
      }
    ],
    "ABBC9A6A-A626-4188-B4A9-798801078B09" : [
      {
        "date" : 754742224.494789,
        "title" : "Untitled",
        "transform" : [
          0.9959729,
          1.5097628e-09,
          -0.089655586,
          0,
          -0.035014242,
          0.9205854,
          -0.38896853,
          0,
          0.08253563,
          0.3905414,
          0.916878,
          0,
          0.53865707,
          1.3104075,
          2.5752048,
          1
        ]
      },
      {
        "date" : 754742220.608061,
        "title" : "Untitled",
        "transform" : [
          0.9959729,
          1.5097628e-09,
          -0.089655586,
          0,
          -0.035014242,
          0.9205854,
          -0.38896853,
          0,
          0.08253563,
          0.3905414,
          0.916878,
          0,
          1.4316329,
          2.2394414,
          6.8443317,
          1
        ]
      },
      {
        "date" : 754741275.114013,
        "title" : "Untitled",
        "transform" : [
          0.99597275,
          1.5097625e-09,
          -0.08965558,
          0,
          -0.035014242,
          0.9205854,
          -0.38896853,
          0,
          0.08253563,
          0.3905414,
          0.916878,
          0,
          1.0929073,
          1.7095875,
          5.224957,
          1
        ]
      },
      {
        "date" : 754741187.499854,
        "title" : "Untitled",
        "transform" : [
          0.9986997,
          1.1919681e-09,
          -0.050975952,
          0,
          -0.02276049,
          0.8947866,
          -0.44591355,
          0,
          0.045612607,
          0.44649413,
          0.89362323,
          0,
          0.88364285,
          2.0328588,
          5.148201,
          1
        ]
      },
      {
        "date" : 754741179.566356,
        "title" : "Untitled",
        "transform" : [
          0.31519383,
          2.404792e-09,
          -0.94902724,
          0,
          -0.6385401,
          0.7397914,
          -0.21207386,
          0,
          0.7020822,
          0.67283636,
          0.23317769,
          0,
          4.4081745,
          3.3657227,
          0.81069314,
          1
        ]
      },
      {
        "date" : 754741174.794603,
        "title" : "Untitled",
        "transform" : [
          0.99994904,
          -4.7732873e-11,
          -0.010093643,
          0,
          -0.0005562702,
          0.99848026,
          -0.055108137,
          0,
          0.0100783035,
          0.055110943,
          0.99842936,
          0,
          0.31849933,
          0.8531917,
          2.204517,
          1
        ]
      },
      {
        "date" : 754741118.10139,
        "title" : "Untitled",
        "transform" : [
          0.98972404,
          5.35318e-10,
          -0.14299117,
          0,
          -0.04194539,
          0.95600736,
          -0.2903281,
          0,
          0.13670062,
          0.29334253,
          0.94618344,
          0,
          0.088353425,
          0.19711185,
          0.6115445,
          1
        ]
      },
      {
        "date" : 754741113.375452,
        "title" : "Untitled",
        "transform" : [
          0.99264234,
          2.964023e-10,
          -0.12108399,
          0,
          -0.045478772,
          0.9267831,
          -0.37283334,
          0,
          0.11221859,
          0.37559694,
          0.9199641,
          0,
          0.07403459,
          0.25081798,
          0.6069325,
          1
        ]
      },
      {
        "date" : 754740986.214084,
        "title" : "Untitled",
        "transform" : [
          0.9974505,
          -3.3416914e-10,
          -0.07136114,
          0,
          -0.03659657,
          0.8584866,
          -0.5115287,
          0,
          0.061262585,
          0.5128361,
          0.85629785,
          0,
          0.009566157,
          0.0833435,
          0.13371095,
          1
        ]
      },
      {
        "date" : 754740985.06397,
        "title" : "Untitled",
        "transform" : [
          0.9974505,
          -3.3416914e-10,
          -0.07136114,
          0,
          -0.03659657,
          0.8584866,
          -0.5115287,
          0,
          0.061262585,
          0.5128361,
          0.85629785,
          0,
          0.009196254,
          0.080247,
          0.12854062,
          1
        ]
      }
    ]
  },
  "sceneViewportBackgroundColors" : {

  },
  "selectedSceneRelativePath" : "Untitled Scene.usda"
}